1284.925943;159.754365;0
1333.382491;121.292092;0
1353.987910;114.856141;0
1347.613068;143.578467;0
1330.078032;193.234278;0
1359.306594;202.911786;0
1345.843450;246.382721;0
1252.519896;195.768347;0
1159.265127;136.442481;0
1152.054987;205.675601;0
1156.970943;245.406022;0
1134.085684;384.815728;0
1274.341329;338.226205;0
1047.284368;131.673189;0
1044.604844;120.686281;0
1042.500663;167.326259;0
1041.917660;219.497155;0
863.278902;127.302922;0
861.103220;183.462247;0
852.964435;238.210602;0
1007.828435;298.972534;0
1048.623064;362.257244;0
1309.629707;370.015307;0
1285.439577;393.300127;0
1315.346281;409.213738;0
1279.203913;416.084746;0
1322.801344;417.237635;0
1285.343704;421.266317;0
1319.687686;432.147070;0
1293.052116;460.574025;0
1329.285391;458.931510;0
1305.265395;464.273506;0
1319.769556;478.679977;0
1191.091659;384.579367;0
1051.229368;430.345872;0
1198.362946;402.074376;0
867.112198;391.437483;0
859.285110;437.332135;0
880.409499;686.220477;0
1210.109645;661.007077;0
1300.807264;661.196115;0
1306.715493;702.193745;0
1311.471387;736.313141;0
1097.680026;710.171894;0
1152.513295;629.282664;0
1148.496289;643.640250;0
1291.947872;745.750097;0
872.832070;655.587803;0
880.907300;697.722892;0
556.157906;168.071146;0
358.290113;129.360021;0
278.380975;124.418843;0
551.184838;81.926315;0
541.114939;107.826529;0
517.708468;146.427112;0
535.264971;129.465164;0
539.859733;150.415622;0
544.875760;168.792602;0
541.082197;184.925196;0
532.589715;217.192170;0
538.308510;241.151175;0
350.274306;283.111441;0
554.132914;396.050525;0
564.879307;438.037536;0
579.817155;601.049633;0
566.490224;641.087421;0
557.232712;773.575196;0
442.787734;624.600020;0
437.526385;677.329126;0
451.259856;649.469489;0
439.267119;732.579567;0
173.082890;599.417812;0
178.763640;646.403678;0
129.523743;760.204051;0
126.405258;790.043631;0
171.827535;787.182020;0
1133.902937;698.401534;0
1275.470636;696.402832;0
997.514183;692.050516;0
1085.428068;701.834585;0
